> start 0
1.0000000000
0.0000758298
0.0000761838
0.0000421657
0.0000302859
0.0307911293
0.0004088604
0.0000357848
0.0001285548
0.0000263090
0.0000109567
0.0019327588
0.0522140724
0.0700574830
0.0797502839
0.0052768038
0.0000974598
0.0000090651
0.0011738008
0.0004643675
0.0102948756
0.1356915849
0.0024251920
0.0027435851
0.0000629548
0.0003891670
0.0000055463
0.0040207156
0.0035121519
0.0053533870
0.1195552423
0.0040404079
0.0085784430
0.0000049418
0.0000141368
0.0000218109
0.0001454237
0.0002451316
0.0005096436
0.0092048226
0.0115844072
0.0000850339
0.0031067664
0.0000145280
0.0000086405
0.0000161053
0.0000364774
0.0000067359
0.0000532370
0.0004195690
