> start 0
0.051945  0.058358  0.044200  0.084562  0.075508  0.124766  0.042050  0.052461  0.203231  0.070366  0.138030  0.054524  
0.051945  0.058358  0.044200  0.084562  0.075508  0.124766  0.042050  0.052461  0.203231  0.070366  0.138030  0.054524  
0.051945  0.058358  0.044200  0.084562  0.075508  0.124766  0.042050  0.052461  0.203231  0.070366  0.138030  0.054524  
0.051945  0.058358  0.044200  0.084562  0.075508  0.124766  0.042050  0.052461  0.203231  0.070366  0.138030  0.054524  
0.051945  0.058358  0.044200  0.084562  0.075508  0.124766  0.042050  0.052461  0.203231  0.070366  0.138030  0.054524  
0.051945  0.058358  0.044200  0.084562  0.075508  0.124766  0.042050  0.052461  0.203231  0.070366  0.138030  0.054524  
0.051945  0.058358  0.044200  0.084562  0.075508  0.124766  0.042050  0.052461  0.203231  0.070366  0.138030  0.054524  
0.051945  0.058358  0.044200  0.084562  0.075508  0.124766  0.042050  0.052461  0.203231  0.070366  0.138030  0.054524  
0.051945  0.058358  0.044200  0.084562  0.075508  0.124766  0.042050  0.052461  0.203231  0.070366  0.138030  0.054524  
0.051945  0.058358  0.044200  0.084562  0.075508  0.124766  0.042050  0.052461  0.203231  0.070366  0.138030  0.054524  
0.051945  0.058358  0.044200  0.084562  0.075508  0.124766  0.042050  0.052461  0.203231  0.070366  0.138030  0.054524  
0.051945  0.058358  0.044200  0.084562  0.075508  0.124766  0.042050  0.052461  0.203231  0.070366  0.138030  0.054524  
0.051945  0.058358  0.044200  0.084562  0.075508  0.124766  0.042050  0.052461  0.203231  0.070366  0.138030  0.054524  
0.051945  0.058358  0.044200  0.084562  0.075508  0.124766  0.042050  0.052461  0.203231  0.070366  0.138030  0.054524  
0.051945  0.058358  0.044200  0.084562  0.075508  0.124766  0.042050  0.052461  0.203231  0.070366  0.138030  0.054524  
0.051945  0.058358  0.044200  0.084562  0.075508  0.124766  0.042050  0.052461  0.203231  0.070366  0.138030  0.054524  
0.051945  0.058358  0.044200  0.084562  0.075508  0.124766  0.042050  0.052461  0.203231  0.070366  0.138030  0.054524  
0.051945  0.058358  0.044200  0.084562  0.075508  0.124766  0.042050  0.052461  0.203231  0.070366  0.138030  0.054524  
0.051945  0.058358  0.044200  0.084562  0.075508  0.124766  0.042050  0.052461  0.203231  0.070366  0.138030  0.054524  
0.051945  0.058358  0.044200  0.084562  0.075508  0.124766  0.042050  0.052461  0.203231  0.070366  0.138030  0.054524  
0.051945  0.058358  0.044200  0.084562  0.075508  0.124766  0.042050  0.052461  0.203231  0.070366  0.138030  0.054524  
0.051945  0.058358  0.044200  0.084562  0.075508  0.124766  0.042050  0.052461  0.203231  0.070366  0.138030  0.054524  
0.051945  0.058358  0.044200  0.084562  0.075508  0.124766  0.042050  0.052461  0.203231  0.070366  0.138030  0.054524  
0.051945  0.058358  0.044200  0.084562  0.075508  0.124766  0.042050  0.052461  0.203231  0.070366  0.138030  0.054524  
0.051945  0.058358  0.044200  0.084562  0.075508  0.124766  0.042050  0.052461  0.203231  0.070366  0.138030  0.054524  
0.051945  0.058358  0.044200  0.084562  0.075508  0.124766  0.042050  0.052461  0.203231  0.070366  0.138030  0.054524  
0.051945  0.058358  0.044200  0.084562  0.075508  0.124766  0.042050  0.052461  0.203231  0.070366  0.138030  0.054524  
0.051945  0.058358  0.044200  0.084562  0.075508  0.124766  0.042050  0.052461  0.203231  0.070366  0.138030  0.054524  
0.051945  0.058358  0.044200  0.084562  0.075508  0.124766  0.042050  0.052461  0.203231  0.070366  0.138030  0.054524  
0.051945  0.058358  0.044200  0.084562  0.075508  0.124766  0.042050  0.052461  0.203231  0.070366  0.138030  0.054524  
0.051945  0.058358  0.044200  0.084562  0.075508  0.124766  0.042050  0.052461  0.203231  0.070366  0.138030  0.054524  
0.051945  0.058358  0.044200  0.084562  0.075508  0.124766  0.042050  0.052461  0.203231  0.070366  0.138030  0.054524  
0.051945  0.058358  0.044200  0.084562  0.075508  0.124766  0.042050  0.052461  0.203231  0.070366  0.138030  0.054524  
0.051945  0.058358  0.044200  0.084562  0.075508  0.124766  0.042050  0.052461  0.203231  0.070366  0.138030  0.054524  
0.051945  0.058358  0.044200  0.084562  0.075508  0.124766  0.042050  0.052461  0.203231  0.070366  0.138030  0.054524  
0.051945  0.058358  0.044200  0.084562  0.075508  0.124766  0.042050  0.052461  0.203231  0.070366  0.138030  0.054524  
0.051945  0.058358  0.044200  0.084562  0.075508  0.124766  0.042050  0.052461  0.203231  0.070366  0.138030  0.054524  
0.051945  0.058358  0.044200  0.084562  0.075508  0.124766  0.042050  0.052461  0.203231  0.070366  0.138030  0.054524  
0.051945  0.058358  0.044200  0.084562  0.075508  0.124766  0.042050  0.052461  0.203231  0.070366  0.138030  0.054524  
0.051945  0.058358  0.044200  0.084562  0.075508  0.124766  0.042050  0.052461  0.203231  0.070366  0.138030  0.054524  
0.051945  0.058358  0.044200  0.084562  0.075508  0.124766  0.042050  0.052461  0.203231  0.070366  0.138030  0.054524  
0.051945  0.058358  0.044200  0.084562  0.075508  0.124766  0.042050  0.052461  0.203231  0.070366  0.138030  0.054524  
0.051945  0.058358  0.044200  0.084562  0.075508  0.124766  0.042050  0.052461  0.203231  0.070366  0.138030  0.054524  
0.051945  0.058358  0.044200  0.084562  0.075508  0.124766  0.042050  0.052461  0.203231  0.070366  0.138030  0.054524  
0.051945  0.058358  0.044200  0.084562  0.075508  0.124766  0.042050  0.052461  0.203231  0.070366  0.138030  0.054524  
0.051945  0.058358  0.044200  0.084562  0.075508  0.124766  0.042050  0.052461  0.203231  0.070366  0.138030  0.054524  
0.051945  0.058358  0.044200  0.084562  0.075508  0.124766  0.042050  0.052461  0.203231  0.070366  0.138030  0.054524  
0.051945  0.058358  0.044200  0.084562  0.075508  0.124766  0.042050  0.052461  0.203231  0.070366  0.138030  0.054524  
0.051945  0.058358  0.044200  0.084562  0.075508  0.124766  0.042050  0.052461  0.203231  0.070366  0.138030  0.054524  
0.051945  0.058358  0.044200  0.084562  0.075508  0.124766  0.042050  0.052461  0.203231  0.070366  0.138030  0.054524  
