> start 0
0.001000  0.158789  0.323869  0.431095  0.299025  0.001000  0.743956  0.999000  0.297346  0.285553  0.838867  0.794151  
0.310442  0.001000  0.001000  0.451634  0.805714  0.395208  0.246694  0.999000  0.456529  0.425267  0.018902  0.596074  
0.852086  0.190493  0.001000  0.001000  0.123051  0.432348  0.999000  0.401915  0.541684  0.001000  0.549311  0.398522  
0.999000  0.172677  0.694402  0.494456  0.687374  0.622652  0.999000  0.001000  0.141860  0.713189  0.790686  0.401478  
0.536813  0.999000  0.636375  0.261193  0.141110  0.780910  0.999000  0.405964  0.776073  0.584413  0.232562  0.595082  
0.683014  0.329841  0.591713  0.102950  0.001000  0.001000  0.001000  0.564039  0.282143  0.436308  0.362481  0.798291  
0.001000  0.969091  0.704147  0.999000  0.149218  0.417308  0.230373  0.790153  0.418205  0.999000  0.399275  0.398068  
0.313883  0.652826  0.001000  0.776363  0.135814  0.510049  0.806261  0.406453  0.483487  0.148404  0.431371  0.999000  
0.479696  0.348432  0.676689  0.001000  0.272889  0.703809  0.999000  0.567636  0.139046  0.999000  0.292143  0.800987  
0.675493  0.302968  0.317485  0.564106  0.001000  0.394724  0.612801  0.999000  0.556366  0.823694  0.001000  0.406209  
0.313998  0.681332  0.999000  0.540358  0.821232  0.001000  0.999000  0.387483  0.379269  0.573427  0.614057  0.001000  
0.464649  0.258149  0.071711  0.419888  0.140191  0.001000  0.001000  0.190323  0.420593  0.311726  0.162667  0.999000  
0.795258  0.430262  0.001000  0.648960  0.597775  0.336185  0.663211  0.999000  0.627481  0.645780  0.716793  0.299816  
0.427470  0.286591  0.645311  0.536717  0.311759  0.730531  0.002121  0.001000  0.426112  0.663928  0.112001  0.237170  
0.390581  0.671992  0.001000  0.541851  0.440732  0.414759  0.365790  0.843675  0.272416  0.168403  0.481496  0.181446  
0.001000  0.676675  0.001000  0.001000  0.999000  0.512348  0.326624  0.694726  0.409448  0.171015  0.205435  0.363082  
0.800330  0.999000  0.999000  0.889899  0.778503  0.647974  0.630535  0.999000  0.545513  0.340174  0.862683  0.854575  
0.600081  0.421581  0.001000  0.885591  0.999000  0.126230  0.308816  0.292412  0.491148  0.835742  0.360421  0.491461  
0.404451  0.444461  0.341688  0.221250  0.328025  0.571558  0.999000  0.587986  0.463981  0.333410  0.100487  0.001000  
0.403123  0.175969  0.999000  0.666663  0.558786  0.735799  0.001000  0.850784  0.693407  0.832434  0.999000  0.671096  
0.203102  0.354741  0.321672  0.228192  0.344028  0.001000  0.999000  0.145895  0.799699  0.001000  0.255224  0.359946  
0.809967  0.522573  0.373682  0.001000  0.782373  0.373281  0.341582  0.290671  0.773787  0.829303  0.148595  0.493235  
0.201048  0.390975  0.999000  0.001000  0.353179  0.704541  0.337399  0.522448  0.755509  0.001000  0.415127  0.170119  
0.188607  0.699009  0.615699  0.578399  0.537249  0.999000  0.999000  0.290015  0.624230  0.829958  0.441672  0.169737  
0.810461  0.379148  0.382705  0.344718  0.462281  0.999000  0.001000  0.187602  0.091587  0.499457  0.830088  0.322124  
0.387947  0.384054  0.419362  0.452467  0.660370  0.673674  0.001000  0.537069  0.360468  0.999000  0.649179  0.001000  
0.798837  0.155130  0.789093  0.571157  0.876308  0.112672  0.999000  0.471194  0.861928  0.501549  0.488808  0.492677  
0.617330  0.155992  0.001000  0.218989  0.108478  0.109943  0.668448  0.474430  0.544477  0.170052  0.337433  0.319942  
0.211103  0.681996  0.001000  0.539646  0.217508  0.048985  0.669270  0.999000  0.503199  0.666615  0.622242  0.001000  
0.001000  0.791028  0.999000  0.308985  0.242112  0.001000  0.339078  0.114752  0.539311  0.490353  0.366002  0.001000  
0.190939  0.595583  0.177606  0.380816  0.438313  0.233273  0.666378  0.150995  0.589396  0.126657  0.444916  0.419211  
0.001000  0.001000  0.463252  0.872098  0.779778  0.403109  0.001000  0.364907  0.543458  0.612053  0.396555  0.152633  
0.999000  0.207695  0.817540  0.368442  0.660876  0.001000  0.666651  0.774605  0.227749  0.999000  0.288947  0.432250  
0.598654  0.395929  0.001000  0.631007  0.440087  0.380733  0.999000  0.653400  0.352776  0.001000  0.412038  0.288763  
0.999000  0.999000  0.001000  0.508536  0.446035  0.478716  0.666703  0.574160  0.521924  0.476221  0.637247  0.565043  
0.800943  0.391872  0.305271  0.732839  0.880814  0.461987  0.001000  0.001000  0.106726  0.519789  0.149447  0.291439  
0.199045  0.999000  0.466228  0.001000  0.345454  0.743601  0.001000  0.999000  0.465209  0.999000  0.394124  0.708403  
0.398804  0.603805  0.358313  0.001000  0.001000  0.329924  0.333490  0.133914  0.338534  0.260676  0.229662  0.414313  
0.598550  0.200955  0.823498  0.878437  0.553957  0.139962  0.001000  0.781602  0.962101  0.153011  0.273202  0.001000  
0.400472  0.597907  0.444228  0.519038  0.330724  0.452863  0.999000  0.225442  0.365625  0.535276  0.842203  0.273610  
0.999000  0.597806  0.216983  0.746412  0.335039  0.999000  0.664309  0.792317  0.564318  0.535257  0.457119  0.001000  
0.001000  0.403718  0.799712  0.623382  0.001000  0.649743  0.672369  0.779928  0.897381  0.540676  0.503709  0.701875  
0.400815  0.999000  0.999000  0.469908  0.769166  0.428554  0.999000  0.853152  0.173548  0.514087  0.684992  0.410486  
0.200063  0.195683  0.798086  0.377843  0.120029  0.264554  0.664108  0.360457  0.245935  0.228487  0.674602  0.278552  
0.799809  0.001000  0.403465  0.382347  0.328207  0.387888  0.672395  0.643827  0.192533  0.123594  0.123738  0.563169  
0.001000  0.403313  0.403711  0.380444  0.445300  0.001000  0.337867  0.207522  0.407270  0.600566  0.571065  0.268317  
0.596387  0.595415  0.402918  0.342728  0.660499  0.349177  0.662460  0.753849  0.872606  0.630047  0.530172  0.569141  
0.198478  0.001000  0.999000  0.906036  0.001000  0.090582  0.001000  0.001000  0.450170  0.636340  0.135086  0.146135  
0.800852  0.605134  0.396312  0.404226  0.780384  0.684016  0.999000  0.999000  0.554316  0.749980  0.999000  0.268299  
0.398660  0.999000  0.791736  0.908308  0.781934  0.612087  0.999000  0.566059  0.306532  0.493631  0.429604  0.850171  
